0.8405797101449275
0.9420289855072463
0.9420289855072463
0.9492753623188406
0.9420289855072463
0.8913043478260869
0.8405797101449275
0.9492753623188406
0.9420289855072463
0.9492753623188406
0.8985507246376812
0.9492753623188406
0.9420289855072463
0.9420289855072463
0.9492753623188406
0.8985507246376812
0.9347826086956522
0.9420289855072463
0.9420289855072463
0.9492753623188406
0.9492753623188406
0.8405797101449275
0.9492753623188406
0.9420289855072463
0.8405797101449275
0.9057971014492754
0.9420289855072463
0.8405797101449275
0.9420289855072463
0.9492753623188406
0.9420289855072463
0.9492753623188406
0.9492753623188406
0.9492753623188406
0.9492753623188406
0.9492753623188406
0.9492753623188406
0.9420289855072463
0.9492753623188406
0.9420289855072463
0.9492753623188406
0.9420289855072463
0.8985507246376812
0.9492753623188406
0.9492753623188406
0.9492753623188406
0.9565217391304348
0.9492753623188406
0.9420289855072463
0.9492753623188406
0.9492753623188406
0.9492753623188406
0.9420289855072463
0.9492753623188406
0.9492753623188406
0.9492753623188406
0.9492753623188406
0.9420289855072463
0.9347826086956522
0.9492753623188406
0.9347826086956522
0.9492753623188406
