0.6
0.6
0.5944444444444444
0.5888888888888889
0.5833333333333334
0.5944444444444444
0.6055555555555555
0.5722222222222222
0.5888888888888889
0.5611111111111111
平均最大精度： 0.5888888888888888
0.5777777777777777
0.6111111111111112
0.6111111111111112
0.6
0.6055555555555555
0.5888888888888889
0.5777777777777777
0.6055555555555555
0.5944444444444444
0.6
sigma = 0.0 的平均最大精度： 0.5972222222222221
0.5944444444444444
0.5888888888888889
0.6055555555555555
0.5833333333333334
0.6111111111111112
0.6
0.6166666666666667
0.6111111111111112
0.5944444444444444
0.6222222222222222       (sigma = 0.1 的平均最大精度： 0.6027777777777779)
0.5833333333333334
0.6111111111111112
0.6055555555555555
0.55
0.6
0.6055555555555555
0.5722222222222222
0.6111111111111112
0.5888888888888889
0.5944444444444444      (sigma = 0.2 的平均最大精度： 0.5922222222222222)
0.5888888888888889
0.5833333333333334
0.5611111111111111
0.6
0.6222222222222222
0.5833333333333334
0.6
0.6222222222222222
0.5944444444444444
0.5666666666666667    (sigma = 0.3 的平均最大精度： 0.5922222222222222)
0.5722222222222222
0.5777777777777777
0.5777777777777777
0.5888888888888889
0.5833333333333334
0.55
0.5833333333333334
0.5944444444444444
0.6
0.6        (sigma = 0.4 的平均最大精度： 0.5827777777777776)
0.5444444444444444
0.55
0.5666666666666667
0.6
0.5388888888888889
0.5666666666666667
0.5777777777777777
0.5611111111111111
0.6055555555555555
0.5888888888888889      (sigma = 0.6 的平均最大精度： 0.5699999999999998)
0.3383458646616541
0.3383458646616541
0.3383458646616541
0.3383458646616541
0.3383458646616541
0.3383458646616541
0.3383458646616541
0.3383458646616541      ----------
0.5666666666666667
0.5722222222222222
0.5777777777777777
0.5888888888888889
0.5833333333333334
0.5722222222222222
0.5666666666666667
0.5611111111111111
0.5611111111111111
0.5833333333333334    (30% 训练集的平均最大精度： 0.5733333333333333)
0.5277777777777778
0.5555555555555556
0.5333333333333333
0.5555555555555556
0.5611111111111111
0.55
0.55
0.5555555555555556
0.5611111111111111
0.5388888888888889   (40% 训练集的平均最大精度： 0.5488888888888888)
0.5277777777777778
0.5444444444444444
0.55
0.5722222222222222
0.5333333333333333
0.5388888888888889
0.5388888888888889
0.5166666666666667
0.5444444444444444
0.5166666666666667    (50% 训练集的平均最大精度： 0.5383333333333333)
0.5777777777777777
0.5555555555555556
0.5388888888888889
0.55
0.5666666666666667
0.5833333333333334
0.5388888888888889
0.5444444444444444
0.5833333333333334
0.5222222222222223   (60% 训练集的平均最大精度： 0.5561111111111111)
0.5444444444444444
0.5555555555555556
0.5611111111111111
0.5666666666666667
0.55
0.5388888888888889
0.5888888888888889
0.5555555555555556
0.55
0.55    (70% 训练集的平均最大精度： 0.5561111111111111)
0.5722222222222222
0.5833333333333334
0.5833333333333334
0.5277777777777778
0.5777777777777777
0.5777777777777777
0.5722222222222222
0.5611111111111111
0.5388888888888889
0.5555555555555556          10% 训练集的平均最大精度： 0.5649999999999998
0.6055555555555555
0.55
0.6055555555555555
0.5944444444444444
0.5555555555555556
0.5833333333333334
0.5555555555555556
0.6
0.5722222222222222
0.5555555555555556          20% 训练集的平均最大精度： 0.5777777777777777
0.5722222222222222
0.5611111111111111
0.5444444444444444
0.5722222222222222
0.5611111111111111
0.55
0.5777777777777777
0.5388888888888889
0.5611111111111111
0.5888888888888889          80% 训练集的平均最大精度： 0.5627777777777776
0.55
0.5333333333333333
0.5722222222222222
0.5444444444444444
0.55
0.55
0.5444444444444444
0.5333333333333333
0.5444444444444444
0.5555555555555556          90% 训练集的平均最大精度： 0.5477777777777777
0.5722222222222222
0.5666666666666667
0.5666666666666667
0.5777777777777777
0.5888888888888889
0.5555555555555556
0.5888888888888889
0.5833333333333334
0.5833333333333334
0.5666666666666667
0.5333333333333333
0.5444444444444444
0.55
0.5444444444444444
0.55
0.5222222222222223
0.5388888888888889
0.5222222222222223
0.5111111111111111
0.5444444444444444
0.5722222222222222
0.5666666666666667
0.5611111111111111
0.55
0.5888888888888889
0.5722222222222222
0.5611111111111111
0.5944444444444444
0.5388888888888889
0.5777777777777777
0.5777777777777777
0.5833333333333334
0.5833333333333334
0.5611111111111111
0.5777777777777777
0.5777777777777777
0.5888888888888889
0.5666666666666667
0.5833333333333334
0.5777777777777777
0.5277777777777778
0.5777777777777777
0.5722222222222222
0.5944444444444444
0.5833333333333334
0.6111111111111112
0.5944444444444444
0.5777777777777777
0.5944444444444444
0.5944444444444444
0.5888888888888889
0.5833333333333334
0.6055555555555555
