0.43243243243243246
0.4594594594594595
0.4594594594594595
0.4594594594594595
0.5
0.43243243243243246
0.44594594594594594
0.43243243243243246
0.47297297297297297
0.43243243243243246
0.40540540540540543
0.43243243243243246
0.527027027027027
0.4594594594594595
0.43243243243243246
0.5135135135135135
0.44594594594594594
0.4594594594594595
0.4594594594594595
0.47297297297297297
0.4189189189189189
0.5
0.44594594594594594
0.44594594594594594
0.44594594594594594
0.44594594594594594
0.43243243243243246
0.4864864864864865
0.44594594594594594
0.4594594594594595
0.4594594594594595
0.47297297297297297
0.4594594594594595
0.4189189189189189
0.44594594594594594
0.44594594594594594
0.44594594594594594
0.44594594594594594
0.4189189189189189
0.4594594594594595
0.43243243243243246
0.4189189189189189
0.44594594594594594
0.47297297297297297
0.44594594594594594
0.4594594594594595
0.47297297297297297
0.44594594594594594
0.44594594594594594
0.44594594594594594
0.4594594594594595
0.4594594594594595
0.4864864864864865
0.44594594594594594
0.4594594594594595
0.44594594594594594
0.4594594594594595
0.47297297297297297
0.47297297297297297
0.4594594594594595
0.44594594594594594
0.44594594594594594
0.4594594594594595
0.4594594594594595
0.43243243243243246
0.4864864864864865
0.44594594594594594
0.44594594594594594
0.4594594594594595
0.43243243243243246
0.4594594594594595
0.47297297297297297
0.44594594594594594
0.5
0.47297297297297297
0.47297297297297297
0.4594594594594595
0.4594594594594595
0.43243243243243246
0.44594594594594594
0.43243243243243246
0.4594594594594595
0.44594594594594594
0.47297297297297297
0.43243243243243246
0.4594594594594595
0.4594594594594595
0.4594594594594595
0.47297297297297297
0.43243243243243246
0.25675675675675674
0.13513513513513514
0.21621621621621623
0.16216216216216217
0.10810810810810811
0.22972972972972974
0.25675675675675674
0.21621621621621623
0.2702702702702703
0.28378378378378377
0.22972972972972974
0.3108108108108108
0.3108108108108108
0.2972972972972973
0.21621621621621623
0.1891891891891892
0.2972972972972973
0.28378378378378377
0.25675675675675674
0.22972972972972974
0.44594594594594594
0.44594594594594594
0.47297297297297297
0.4864864864864865
0.47297297297297297
0.44594594594594594
0.47297297297297297
0.44594594594594594
0.3918918918918919
0.44594594594594594
0.44594594594594594
0.47297297297297297
0.4594594594594595
0.47297297297297297
0.4864864864864865
0.44594594594594594
0.4594594594594595
0.4594594594594595
0.4189189189189189
0.40540540540540543
0.47297297297297297
0.44594594594594594
0.44594594594594594
0.4594594594594595
0.4594594594594595
0.43243243243243246
0.44594594594594594
0.47297297297297297
0.43243243243243246
0.44594594594594594
0.4594594594594595
0.44594594594594594
0.40540540540540543
0.44594594594594594
0.4864864864864865
0.5
0.43243243243243246
0.44594594594594594
0.4594594594594595
0.4189189189189189
0.43243243243243246
0.44594594594594594
0.44594594594594594
0.4594594594594595
0.4864864864864865
0.4594594594594595
0.47297297297297297
0.44594594594594594
