0.9851851851851852
0.9814814814814815
0.9777777777777777
0.9814814814814815
0.9777777777777777
0.9777777777777777
0.9814814814814815
0.9814814814814815
0.9777777777777777
0.9814814814814815
0.9814814814814815
0.9814814814814815
0.9814814814814815
0.9814814814814815
0.9814814814814815
0.9814814814814815
0.9814814814814815
0.9777777777777777
0.9814814814814815
0.9814814814814815
0.9814814814814815
0.9814814814814815
0.9814814814814815
0.9814814814814815
0.9777777777777777
0.9814814814814815
0.9777777777777777
0.9814814814814815
0.9814814814814815
0.9814814814814815
0.9777777777777777
0.9814814814814815
0.9814814814814815
0.9814814814814815
0.9814814814814815
0.9814814814814815
0.9814814814814815
0.9777777777777777
0.9777777777777777
0.9814814814814815
0.9814814814814815
0.9814814814814815
0.9814814814814815
0.9814814814814815
0.9814814814814815
0.9814814814814815
0.9814814814814815
0.9814814814814815
0.9814814814814815
0.9814814814814815
0.9814814814814815
0.9777777777777777
0.9814814814814815
0.9814814814814815
0.9814814814814815
0.9814814814814815
0.9814814814814815
0.9814814814814815
0.9814814814814815
0.9814814814814815
