0.7414634146341463
0.7219512195121951
0.7219512195121951
0.7268292682926829
0.7219512195121951
0.7268292682926829
0.7219512195121951
0.7219512195121951
0.7219512195121951
0.7268292682926829
0.7219512195121951
0.7219512195121951
0.7268292682926829
0.7219512195121951
0.7219512195121951
0.7219512195121951
0.7219512195121951
0.7268292682926829
0.7219512195121951
0.7268292682926829
0.7268292682926829
0.7219512195121951
0.7219512195121951
0.7268292682926829
0.7268292682926829
0.7219512195121951
0.7560975609756098
0.7268292682926829
0.7219512195121951
0.7219512195121951
0.751219512195122
0.7219512195121951
0.7463414634146341
0.7463414634146341
0.7365853658536585
0.751219512195122
0.7317073170731707
0.7463414634146341
0.7219512195121951
0.7219512195121951
0.7463414634146341
0.7219512195121951
0.7414634146341463
0.7365853658536585
0.7219512195121951
0.7268292682926829
0.7463414634146341
0.7414634146341463
0.7414634146341463
0.751219512195122
0.7219512195121951
0.7365853658536585
0.751219512195122
0.751219512195122
0.7463414634146341
0.7317073170731707
0.7463414634146341
0.7463414634146341
0.751219512195122
