0.9433333333333334
0.8433333333333334
0.87
0.9366666666666666
0.89
0.8966666666666666
0.8933333333333333
0.8266666666666667
0.8566666666666667
0.7733333333333333
0.9066666666666666
0.94
0.9066666666666666
0.99
0.98
0.91
0.9366666666666666
0.9866666666666667
0.9866666666666667
0.9433333333333334
0.9533333333333334
0.87
0.9466666666666667
0.9066666666666666
0.9433333333333334
0.9466666666666667
0.9066666666666666
0.9133333333333333
0.9466666666666667
0.9866666666666667
0.9866666666666667
0.83
0.9466666666666667
0.91
0.8633333333333333
0.9866666666666667
0.9433333333333334
0.9866666666666667
0.9433333333333334
0.9366666666666666
0.9466666666666667
0.9833333333333333
0.9033333333333333
0.9466666666666667
0.9866666666666667
0.98
0.93
0.99
0.9433333333333334
0.9633333333333334
0.9866666666666667
0.99
0.99
0.98
0.9066666666666666
0.9133333333333333
0.98
0.8666666666666667
0.96
0.95
0.9466666666666667
0.9866666666666667
0.9133333333333333
0.94
0.9433333333333334
0.9166666666666666
0.9533333333333334
0.9466666666666667
0.9866666666666667
0.9533333333333334
0.9833333333333333
0.9866666666666667
0.91
0.9533333333333334
0.9433333333333334
0.9866666666666667
0.99
0.99
0.99
0.93
0.9833333333333333
0.91
0.9033333333333333
0.9533333333333334
0.9866666666666667
0.9
0.9466666666666667
0.91
0.9466666666666667
0.9466666666666667
0.98
0.9433333333333334
0.9266666666666666
0.99
0.98
0.9866666666666667
0.98
0.9466666666666667
0.9133333333333333
0.9066666666666666
0.9066666666666666
0.9166666666666666
0.92
0.9433333333333334
0.95
0.9866666666666667
0.8666666666666667
0.91
0.95
0.95
0.83
0.9033333333333333
0.9866666666666667
0.91
0.8666666666666667
0.9466666666666667
0.95
0.8333333333333334
0.91
0.9033333333333333
0.8666666666666667
0.91
0.8966666666666666
0.9833333333333333
0.9033333333333333
0.87
0.9
0.94
0.9433333333333334
0.9466666666666667
0.8666666666666667
0.99
0.95
0.9833333333333333
0.9833333333333333
0.9433333333333334
0.9833333333333333
0.9166666666666666
0.9033333333333333
0.91
0.9766666666666667
0.9666666666666667
0.9466666666666667
0.8733333333333333
0.9833333333333333
0.8333333333333334
0.98
0.9366666666666666
0.9033333333333333
0.8666666666666667
0.9066666666666666
0.96
0.8833333333333333
0.9866666666666667
0.9466666666666667
0.94
0.9
0.95
0.9866666666666667
0.95
0.9
0.94
0.9
0.9
0.9433333333333334
0.9766666666666667
0.95
0.9866666666666667
0.9433333333333334
0.99
0.91
0.9466666666666667
0.9833333333333333
0.9866666666666667
0.99
0.9466666666666667
0.9466666666666667
0.9033333333333333
0.9866666666666667
0.9533333333333334
0.91
0.9066666666666666
0.9
0.7866666666666666
0.8733333333333333
0.99
0.9866666666666667
0.9466666666666667
0.9433333333333334
0.99
0.9366666666666666
0.98
0.9433333333333334
0.9566666666666667
0.9833333333333333
0.99
0.9533333333333334
0.98
0.9433333333333334
0.9433333333333334
0.98
0.94
0.97
0.9866666666666667
0.8933333333333333
0.9466666666666667
0.99
0.9733333333333334
0.9433333333333334
0.98
0.9433333333333334
0.95
0.99
0.9466666666666667
0.99
0.9
0.9433333333333334
0.9366666666666666
0.9066666666666666
0.9866666666666667
0.95
0.84
0.9
0.83
0.9033333333333333
0.9566666666666667
0.98
0.9466666666666667
0.9866666666666667
0.9466666666666667
0.9466666666666667
0.9866666666666667
0.98
0.9833333333333333
0.9866666666666667
0.9533333333333334
0.9666666666666667
0.94
0.9766666666666667
0.95
0.9866666666666667
0.98
0.9466666666666667
0.99
0.9866666666666667
0.9066666666666666
0.94
0.99
0.9366666666666666
0.9366666666666666
0.9866666666666667
0.96
0.9533333333333334
0.94
0.9833333333333333
0.9866666666666667
0.9133333333333333
0.91
0.9433333333333334
0.9866666666666667
0.93
0.9633333333333334
0.9
0.9666666666666667
0.99
0.9866666666666667
0.99
0.9366666666666666
0.9466666666666667
0.9033333333333333
0.9066666666666666
0.98
0.94
0.9033333333333333
0.9466666666666667
0.94
0.9466666666666667
0.87
0.9066666666666666
0.94
0.9533333333333334
0.9066666666666666
0.9766666666666667
0.9433333333333334
0.9833333333333333
0.95
0.9366666666666666
0.94
0.9866666666666667
0.9833333333333333
0.9433333333333334
0.99
0.9766666666666667
0.98
0.9433333333333334
0.9833333333333333
0.9433333333333334
0.94
0.9833333333333333
0.9466666666666667
0.9833333333333333
0.95
0.99
0.9833333333333333
0.9733333333333334
0.9066666666666666
0.9866666666666667
0.99
0.98
0.9833333333333333
0.9433333333333334
0.9866666666666667
0.94
0.9633333333333334
0.95
0.9766666666666667
0.9066666666666666
0.98
0.96
0.95
0.94
0.9833333333333333
0.9366666666666666
0.9866666666666667
0.8666666666666667
0.9033333333333333
0.94
0.9866666666666667
0.95
0.9066666666666666
0.9466666666666667
0.9866666666666667
0.9466666666666667
0.9866666666666667
0.9433333333333334
0.8933333333333333
0.9033333333333333
0.9066666666666666
0.9466666666666667
0.9766666666666667
0.99
0.9366666666666666
0.99
0.9433333333333334
0.9266666666666666
0.9866666666666667
0.9833333333333333
0.95
0.9833333333333333
0.9533333333333334
0.8733333333333333
0.9866666666666667
0.9333333333333333
0.91
0.98
0.9866666666666667
0.9933333333333333
0.98
0.9433333333333334
0.9466666666666667
0.95
0.9466666666666667
0.9866666666666667
0.94
0.9833333333333333
0.99
0.9066666666666666
0.8966666666666666
0.9833333333333333
0.9833333333333333
0.87
0.92
0.9033333333333333
0.9466666666666667
0.79
0.9
0.95
0.6933333333333334
0.7066666666666667
0.74
0.7133333333333334
0.6666666666666666
0.7466666666666667
0.5933333333333334
0.6633333333333333
0.5933333333333334
0.83
0.86
0.8733333333333333
0.83
0.9433333333333334
0.98
0.9433333333333334
0.8333333333333334
0.8233333333333334
0.8766666666666667
0.91
0.8666666666666667
0.91
0.9466666666666667
0.91
0.98
0.9033333333333333
0.8666666666666667
0.8966666666666666
0.9033333333333333
0.8633333333333333
0.9866666666666667
0.9466666666666667
0.94
0.95
0.9433333333333334
0.95
0.95
0.8666666666666667
0.8633333333333333
0.9466666666666667
0.9066666666666666
0.9466666666666667
0.91
0.9533333333333334
0.9866666666666667
0.9033333333333333
0.9066666666666666
0.9866666666666667
0.9433333333333334
0.95
0.95
0.55
0.5166666666666667
0.47333333333333333
0.44
0.44
0.5866666666666667
0.47333333333333333
0.5133333333333333
0.5133333333333333
0.52
0.7866666666666666
0.94
0.71
0.85
0.86
0.8333333333333334
0.7533333333333333
0.9433333333333334
0.8233333333333334
0.83
0.79
0.7
0.6266666666666667
0.7366666666666667
0.67
0.7066666666666667
0.67
0.6633333333333333
0.8233333333333334
0.79
0.62
0.58
0.59
0.5566666666666666
0.64
0.6066666666666667
0.5733333333333334
0.5733333333333334
0.5766666666666667
0.61
0.5866666666666667
0.5633333333333334
0.5966666666666667
0.63
0.47333333333333333
0.75
0.52
0.6333333333333333
0.67
0.47333333333333333
0.36
0.5966666666666667
0.9866666666666667
0.99
0.9833333333333333
0.99
0.9066666666666666
0.9866666666666667
0.8733333333333333
0.95
0.99
0.9833333333333333
0.99
0.9433333333333334
0.91
0.99
0.95
0.98
0.91
0.9866666666666667
0.9866666666666667
0.99
0.9833333333333333
0.9833333333333333
0.91
0.95
0.9533333333333334
0.99
0.99
0.9833333333333333
0.9866666666666667
0.9833333333333333
0.9433333333333334
0.92
0.98
0.9833333333333333
0.9866666666666667
0.9866666666666667
0.9133333333333333
0.94
0.99
0.9866666666666667
0.9866666666666667
0.99
0.99
0.91
0.9433333333333334
0.94
0.9133333333333333
0.9366666666666666
0.9433333333333334
0.94
0.9466666666666667
0.9866666666666667
