0.7109826589595376
0.6878612716763006
0.6936416184971098
0.6763005780346821
0.8497109826589595
0.861271676300578
0.7167630057803468
0.861271676300578
0.6820809248554913
0.6820809248554913      (sigma = 0.4 的平均最大精度： 0.7421965317919075)
0.7687861271676301
0.8497109826589595
0.8728323699421965
0.8439306358381503
0.8670520231213873
0.8670520231213873
0.8670520231213873
0.8786127167630058
0.861271676300578
0.8786127167630058       (sigma = 0.6 的平均最大精度： 0.8554913294797689)
0.6590909090909091
0.36688311688311687
0.8246753246753247
0.672077922077922
0.6623376623376623
0.3179190751445087
0.5086705202312138
0.32947976878612717
0.3815028901734104
0.28901734104046245
0.37572254335260113
0.4508670520231214
0.27167630057803466
0.4161849710982659
0.2947976878612717          10% 训练集的平均最大精度： 0.36358381502890175
0.5317919075144508
0.4046242774566474
0.5260115606936416
0.6184971098265896
0.5028901734104047
0.4797687861271676
0.5895953757225434
0.5664739884393064
0.5433526011560693
0.30057803468208094
0.5317919075144508
0.49710982658959535
0.5086705202312138
0.6878612716763006
0.4624277456647399
0.5780346820809249
0.6184971098265896
0.5433526011560693
0.653179190751445
0.6936416184971098
0.48554913294797686
0.5260115606936416
0.5895953757225434
0.47398843930635837
0.653179190751445
0.6647398843930635
0.630057803468208
0.5260115606936416
0.6242774566473989
0.47398843930635837
0.6589595375722543
0.6705202312138728
0.5491329479768786
0.5606936416184971
0.4393063583815029
0.5375722543352601
0.7225433526011561
0.5838150289017341
0.6994219653179191
0.5317919075144508
