0.7333333333333333
0.6
0.6666666666666666
0.6666666666666666
0.7333333333333333
0.6666666666666666
0.7333333333333333
0.6666666666666666
0.7333333333333333
0.7333333333333333
平均最大精度： 0.6933333333333334
0.6666666666666666
0.6
0.6
0.6666666666666666
0.6666666666666666
0.6666666666666666
0.6
0.6
0.6
0.6       (sigma = 0.0 的平均最大精度： 0.6266666666666665)
0.6666666666666666
0.7333333333333333
0.7333333333333333
0.6666666666666666
0.6666666666666666
0.7333333333333333
0.7333333333333333
0.8
0.6666666666666666
0.6666666666666666      (sigma = 0.1 的平均最大精度： 0.7066666666666667)
0.7333333333333333
0.7333333333333333
0.7333333333333333
0.6666666666666666
0.7333333333333333
0.7333333333333333
0.8
0.8
0.6666666666666666
0.7333333333333333     (sigma = 0.2 的平均最大精度： 0.7333333333333333)
0.7333333333333333
0.7333333333333333
0.7333333333333333
0.8
0.7333333333333333
0.8
0.6666666666666666
0.7333333333333333
0.7333333333333333
0.7333333333333333    (sigma = 0.3 的平均最大精度： 0.74)
0.7333333333333333
0.6666666666666666
0.7333333333333333
0.6666666666666666
0.7333333333333333
0.8
0.6666666666666666
0.7333333333333333
0.7333333333333333
0.6666666666666666     (sigma = 0.4 的平均最大精度： 0.7133333333333334)
0.7333333333333333
0.8
0.7333333333333333
0.6
0.6
0.6666666666666666
0.6666666666666666
0.7333333333333333
0.7333333333333333
0.7333333333333333    (sigma = 0.6 的平均最大精度： 0.7000000000000001)
0.6
0.6666666666666666
0.6666666666666666
0.6666666666666666
0.5333333333333333
0.6
0.5333333333333333
0.6666666666666666
0.6666666666666666
0.5333333333333333     (70% 训练集的平均最大精度： 0.6133333333333334)
0.6666666666666666
0.6
0.5333333333333333
0.6
0.7333333333333333
0.5333333333333333
0.6
0.5333333333333333
0.6
0.7333333333333333   (60% 训练集的平均最大精度： 0.6133333333333333)
0.6
0.6666666666666666
0.6666666666666666
0.5333333333333333
0.6666666666666666
0.6666666666666666
0.6
0.6
0.5333333333333333
0.6    (50% 训练集的平均最大精度： 0.6133333333333332)
0.6666666666666666
0.6666666666666666
0.6
0.6666666666666666
0.6666666666666666
0.6
0.6666666666666666
0.6666666666666666
0.5333333333333333
0.6    (40% 训练集的平均最大精度： 0.6333333333333333)

0.6666666666666666
0.6666666666666666
0.6666666666666666
0.6666666666666666
0.6666666666666666
0.5333333333333333
0.6666666666666666
0.6666666666666666
0.7333333333333333
0.6     (30% 训练集的平均最大精度： 0.6533333333333333)
0.6
0.6666666666666666
0.6666666666666666
0.6
0.6
0.6
0.6
0.6
0.6666666666666666
0.6     (10% 训练集的平均最大精度： 0.619999999999999)
0.5333333333333333
0.6
0.6
0.6
0.6666666666666666
0.6666666666666666
0.7333333333333333
0.6666666666666666
0.6666666666666666
0.6666666666666666    (20% 训练集的平均最大精度： 0.64)
0.6
0.4666666666666667
0.6
0.6666666666666666
0.6
0.6
0.5333333333333333
0.5333333333333333
0.6
0.6     (80% 训练集的平均最大精度： 0.5799999999999998)
0.5333333333333333
0.6666666666666666
0.6
0.6666666666666666
0.6666666666666666
0.6
0.5333333333333333
0.6
0.5333333333333333
0.6    (90% 训练集的平均最大精度： 0.5999999999999999)
0.5333333333333333
0.4666666666666667
0.4666666666666667
0.5333333333333333
0.5333333333333333
0.5333333333333333
0.5333333333333333
0.5333333333333333
0.5333333333333333
0.4666666666666667     (k==3 训练集的平均最大精度： 0.513333333333333
0.6
0.5333333333333333
0.6
0.5333333333333333
0.4666666666666667
0.5333333333333333
0.5333333333333333
0.4666666666666667
0.6
0.6     (k==6 训练集的平均最大精度： 0.5466666666666666)
0.4666666666666667
0.4
0.4666666666666667
0.4666666666666667
0.4666666666666667
0.5333333333333333
0.5333333333333333
0.3333333333333333
0.5333333333333333
0.4666666666666667     (k==9 训练集的平均最大精度： 0.4666666666666667
0.6
0.5333333333333333
0.6
0.5333333333333333
0.5333333333333333
0.4666666666666667
0.5333333333333333
0.6
0.5333333333333333
0.4666666666666667    (k==12 训练集的平均最大精度： 0.5399999999999999
0.6
0.4666666666666667
0.5333333333333333
0.7333333333333333
0.6
0.5333333333333333
0.5333333333333333
0.5333333333333333
0.5333333333333333
0.4666666666666667     (k==15 训练集的平均最大精度： 0.5533333333333333)
0.4666666666666667
0.6
0.5333333333333333
0.6
0.6666666666666666
0.7333333333333333
0.6
0.7333333333333333
0.5333333333333333
0.5333333333333333     (k==18 训练集的平均最大精度： 0.6
0.4666666666666667
0.5333333333333333
0.5333333333333333
0.4666666666666667
0.5333333333333333
0.4666666666666667
0.5333333333333333
0.5333333333333333
0.4666666666666667
0.5333333333333333
0.6
0.6
0.6
0.6666666666666666
0.6666666666666666
0.6
0.6
0.6666666666666666
0.6666666666666666
0.6
0.6
0.7333333333333333
0.6666666666666666
0.6666666666666666
0.7333333333333333
0.6666666666666666
0.6666666666666666
0.6666666666666666
0.6666666666666666
0.7333333333333333
0.7333333333333333
0.6666666666666666
0.7333333333333333
0.6666666666666666
0.6666666666666666
0.6666666666666666
0.6666666666666666
0.6666666666666666
0.6666666666666666
0.6666666666666666
0.6
0.6666666666666666
0.6666666666666666
0.6666666666666666
0.7333333333333333
0.7333333333333333
0.6666666666666666
0.6666666666666666
0.6
0.6
0.6666666666666666
0.6666666666666666
0.6
0.6
0.6666666666666666
0.6666666666666666
0.6666666666666666
0.6666666666666666
0.6666666666666666
0.6666666666666666
0.6666666666666666
0.6666666666666666
0.6666666666666666
0.6666666666666666
0.6666666666666666
0.6666666666666666
0.6666666666666666
0.6666666666666666
0.6666666666666666
0.6666666666666666
0.6
0.6
0.6
0.6
0.6
0.6666666666666666
0.6666666666666666
0.6666666666666666
0.6666666666666666
0.6
0.6666666666666666
0.6
0.6
0.6666666666666666
0.6666666666666666
0.5333333333333333
0.6666666666666666
0.6666666666666666
0.6
0.7333333333333333
0.6666666666666666
0.6
0.6666666666666666
0.6666666666666666
0.6666666666666666
0.6666666666666666
0.7333333333333333
0.6666666666666666
0.7333333333333333
0.6666666666666666
0.6666666666666666
0.6666666666666666
0.6666666666666666
0.6666666666666666
0.6666666666666666
0.3333333333333333
0.4666666666666667
0.5333333333333333
0.4666666666666667
0.4666666666666667
0.3333333333333333
0.5333333333333333
0.4
0.6
0.5333333333333333
