0.8888888888888888
0.9111111111111111
0.9
0.9
0.9
0.8944444444444445
0.9055555555555556
0.9055555555555556
0.9055555555555556
0.9       (sigma = 0.0 的平均最大精度： 0.9011111111111113)
0.8888888888888888
0.9
0.8944444444444445
0.9
0.8944444444444445
0.8944444444444445
0.9055555555555556
0.9
0.9
0.8944444444444445      (sigma = 0.1 的平均最大精度： 0.8972222222222224)
0.8888888888888888
0.8944444444444445
0.9
0.8888888888888888
0.9166666666666666
0.8888888888888888
0.9
0.9055555555555556
0.9
0.9     (sigma = 0.2 的平均最大精度： 0.8983333333333334)
0.8944444444444445
0.8944444444444445
0.9111111111111111
0.9055555555555556
0.9
0.8888888888888888
0.8944444444444445
0.8888888888888888
0.9
0.9      (sigma = 0.3 的平均最大精度： 0.8977777777777778)
0.8833333333333333
0.8944444444444445
0.8944444444444445
0.9
0.8944444444444445
0.9
0.8944444444444445
0.8833333333333333
0.9
0.8944444444444445     (sigma = 0.4 的平均最大精度： 0.893888888888889)
0.9055555555555556
0.8833333333333333
0.9
0.8944444444444445
0.9055555555555556
0.8888888888888888
0.9
0.9055555555555556
0.9055555555555556
0.9       (sigma = 0.6 的平均最大精度： 0.8988888888888891)
0.8833333333333333
0.8666666666666667
0.8944444444444445
0.8666666666666667
0.8611111111111112
0.8722222222222222
0.8722222222222222
0.8888888888888888
0.8777777777777778
0.8666666666666667  (30% 训练集的平均最大精度： 0.875)
0.8777777777777778
0.8833333333333333
0.8722222222222222
0.8666666666666667
0.8944444444444445
0.8611111111111112
0.8611111111111112
0.8722222222222222
0.8722222222222222
0.8722222222222222  (40% 训练集的平均最大精度： 0.8733333333333333)
0.8666666666666667
0.8833333333333333
0.8944444444444445
0.8777777777777778
0.8722222222222222
0.8777777777777778
0.8722222222222222
0.8777777777777778
0.8611111111111112
0.8888888888888888    (50% 训练集的平均最大精度： 0.8772222222222222)
0.8777777777777778
0.8722222222222222
0.8833333333333333
0.8888888888888888
0.8833333333333333
0.8777777777777778
0.8722222222222222
0.8777777777777778
0.8888888888888888
0.8722222222222222   (60% 训练集的平均最大精度： 0.8794444444444445)
0.8722222222222222
0.8722222222222222
0.8888888888888888
0.8833333333333333
0.8944444444444445
0.8888888888888888
0.8888888888888888
0.8777777777777778
0.8944444444444445
0.8833333333333333   (70% 训练集的平均最大精度： 0.8844444444444447)
0.8722222222222222
0.8611111111111112
0.8888888888888888
0.8666666666666667
0.8666666666666667
0.8611111111111112
0.85
0.8722222222222222
0.8666666666666667
0.8666666666666667          10% 训练集的平均最大精度： 0.8672222222222222
0.8777777777777778
0.8777777777777778
0.8555555555555555
0.8722222222222222
0.8833333333333333
0.8722222222222222
0.8722222222222222
0.8666666666666667
0.8722222222222222
0.8722222222222222          20% 训练集的平均最大精度： 0.8722222222222221
0.8833333333333333
0.8833333333333333
0.8833333333333333
0.8833333333333333
0.8888888888888888
0.8888888888888888
0.8888888888888888
0.8777777777777778
0.8833333333333333
0.8833333333333333          80% 训练集的平均最大精度： 0.8844444444444445
0.8944444444444445
0.8722222222222222
0.8944444444444445
0.8722222222222222
0.8833333333333333
0.8888888888888888
0.8833333333333333
0.8833333333333333
0.8944444444444445
0.8888888888888888              90% 训练集的平均最大精度： 0.8855555555555554
0.8944444444444445
0.8722222222222222
0.8777777777777778
0.9
0.8888888888888888
0.8944444444444445
0.8555555555555555
0.8833333333333333
0.9
0.8666666666666667
0.8777777777777778
0.8722222222222222
0.8833333333333333
0.8777777777777778
0.8888888888888888
0.8666666666666667
0.8777777777777778
0.8833333333333333
0.8666666666666667
0.8666666666666667
0.8666666666666667
0.8777777777777778
0.8888888888888888
0.8944444444444445
0.8777777777777778
0.8666666666666667
0.8722222222222222
0.8888888888888888
0.8833333333333333
0.8722222222222222
0.8777777777777778
