0	43
0	45
0	44
0	48
0	7
0	5
0	49
0	9
0	4
0	2
0	1
0	6
43	0
43	1
43	2
43	4
43	5
43	6
43	7
43	8
43	9
43	45
43	48
43	44
43	49
45	0
45	1
45	2
45	3
45	4
45	5
45	6
45	7
45	9
45	21
45	42
45	43
45	44
45	48
45	49
44	0
44	2
44	4
44	5
44	6
44	7
44	8
44	9
44	41
44	43
44	45
44	48
44	47
44	46
48	0
48	1
48	2
48	3
48	4
48	5
48	6
48	7
48	8
48	9
48	40
48	41
48	42
48	43
48	44
48	45
48	46
48	47
48	49
7	0
7	2
7	3
7	4
7	5
7	6
7	47
7	41
7	44
7	45
7	8
7	48
7	9
7	42
7	43
7	46
7	49
7	60
5	0
5	1
5	2
5	3
5	4
5	41
5	46
5	8
5	47
5	48
5	7
5	45
5	44
5	9
5	40
5	42
5	43
5	49
49	0
49	1
49	3
49	4
49	5
49	6
49	7
49	8
49	9
49	40
49	41
49	42
49	43
49	45
49	46
49	48
9	0
9	1
9	4
9	5
9	6
9	7
9	49
9	45
9	48
9	43
9	44
9	42
9	40
4	0
4	1
4	2
4	3
4	41
4	5
4	46
4	8
4	47
4	7
4	48
4	49
4	44
4	9
4	40
4	43
4	45
2	0
2	7
2	45
2	43
2	4
2	47
2	3
2	48
2	44
2	5
2	41
2	6
2	42
2	60
1	0
1	42
1	49
1	9
1	46
1	48
1	5
1	45
1	43
1	4
1	40
6	0
6	2
6	3
6	45
6	48
6	9
6	43
6	7
6	49
6	44
6	60
42	1
42	2
42	5
42	7
42	9
42	40
42	49
42	45
42	48
42	46
42	47
46	1
46	3
46	4
46	5
46	7
46	8
46	40
46	41
46	42
46	44
46	47
46	48
46	49
40	1
40	3
40	4
40	5
40	9
40	42
40	49
40	46
40	48
40	41
47	2
47	3
47	4
47	5
47	7
47	8
47	41
47	42
47	44
47	46
47	48
3	2
3	4
3	41
3	46
3	47
3	5
3	8
3	7
3	48
3	49
3	45
3	6
3	40
41	2
41	3
41	4
41	5
41	7
41	8
41	40
41	46
41	47
41	44
41	48
41	49
60	2
60	6
60	7
60	21
60	22
60	24
60	25
60	26
60	27
60	28
60	29
60	38
60	68
60	69
60	63
60	66
60	62
60	64
60	65
60	67
60	78
8	3
8	4
8	5
8	7
8	41
8	46
8	47
8	48
8	44
8	49
8	43
10	19
10	17
10	11
10	50
10	52
10	18
10	54
10	12
10	53
10	51
10	13
10	15
10	16
10	55
10	56
10	57
10	58
10	59
19	10
19	11
19	12
19	13
19	14
19	15
19	16
19	17
19	18
19	52
19	50
19	53
19	54
19	51
19	55
19	56
19	57
19	58
19	59
17	10
17	11
17	12
17	13
17	14
17	16
17	54
17	52
17	19
17	50
17	18
17	53
17	51
17	55
17	56
17	59
11	10
11	50
11	54
11	17
11	52
11	19
11	18
11	12
11	53
11	14
11	13
11	15
11	51
11	55
11	56
11	57
11	59
50	10
50	11
50	12
50	14
50	15
50	16
50	17
50	18
50	19
50	52
50	54
50	53
50	56
50	57
50	58
50	59
52	10
52	11
52	12
52	13
52	14
52	15
52	16
52	17
52	18
52	19
52	50
52	51
52	54
52	53
52	55
52	57
52	58
18	10
18	11
18	12
18	13
18	15
18	16
18	17
18	52
18	53
18	19
18	51
18	50
18	57
18	54
54	10
54	11
54	12
54	13
54	14
54	15
54	16
54	17
54	18
54	19
54	50
54	52
54	56
54	55
54	57
54	59
12	10
12	11
12	50
12	53
12	18
12	19
12	52
12	17
12	58
12	51
12	16
12	54
12	57
12	59
53	10
53	11
53	12
53	13
53	14
53	17
53	18
53	19
53	50
53	51
53	52
53	58
51	10
51	11
51	12
51	13
51	14
51	17
51	18
51	19
51	52
51	53
51	55
51	56
13	10
13	11
13	51
13	14
13	19
13	17
13	52
13	53
13	18
13	54
15	10
15	11
15	14
15	19
15	52
15	18
15	57
15	50
15	54
15	16
15	58
16	10
16	12
16	14
16	15
16	19
16	50
16	57
16	52
16	17
16	18
16	54
16	58
55	10
55	11
55	14
55	17
55	19
55	51
55	52
55	54
55	56
55	59
56	10
56	11
56	14
56	17
56	19
56	50
56	51
56	54
56	55
56	59
57	10
57	11
57	12
57	15
57	16
57	18
57	19
57	50
57	52
57	54
57	58
58	10
58	12
58	14
58	15
58	16
58	19
58	50
58	52
58	53
58	57
59	10
59	11
59	12
59	14
59	17
59	19
59	50
59	54
59	55
59	56
14	11
14	13
14	54
14	19
14	56
14	50
14	17
14	51
14	55
14	52
14	53
14	15
14	16
14	58
14	59
20	69
20	68
20	23
20	65
20	66
20	28
20	25
20	29
20	62
20	27
20	61
20	67
20	70
20	71
20	76
20	77
20	78
20	79
69	20
69	21
69	22
69	23
69	24
69	25
69	26
69	27
69	28
69	29
69	32
69	60
69	61
69	62
69	63
69	64
69	65
69	66
69	67
69	68
69	70
69	76
69	78
69	79
68	20
68	21
68	22
68	23
68	24
68	25
68	26
68	27
68	28
68	29
68	34
68	38
68	60
68	61
68	62
68	63
68	64
68	65
68	66
68	67
68	69
23	20
23	22
23	29
23	69
23	68
23	25
23	66
23	65
23	28
23	67
23	61
23	70
23	71
23	72
23	74
23	77
23	78
23	79
65	20
65	22
65	23
65	24
65	25
65	27
65	29
65	32
65	34
65	38
65	60
65	61
65	63
65	66
65	68
65	69
65	67
65	77
66	20
66	22
66	23
66	25
66	26
66	27
66	28
66	29
66	32
66	34
66	38
66	60
66	61
66	63
66	65
66	68
66	69
66	67
66	70
66	72
66	73
66	78
66	79
28	20
28	23
28	25
28	27
28	68
28	69
28	66
28	29
28	60
28	63
28	61
28	67
28	78
25	20
25	21
25	22
25	23
25	24
25	66
25	68
25	69
25	60
25	63
25	29
25	65
25	27
25	26
25	28
25	61
25	62
25	64
25	67
25	70
25	72
25	79
29	20
29	22
29	23
29	25
29	27
29	28
29	69
29	66
29	68
29	60
29	65
29	61
29	67
29	70
29	71
29	72
29	73
29	76
29	78
29	79
62	20
62	24
62	25
62	26
62	27
62	32
62	34
62	60
62	61
62	69
62	64
62	68
62	63
62	70
62	71
62	72
62	73
62	74
62	76
27	20
27	21
27	22
27	24
27	25
27	26
27	60
27	63
27	68
27	69
27	66
27	28
27	29
27	62
27	64
27	65
27	71
61	20
61	23
61	25
61	28
61	29
61	31
61	35
61	36
61	37
61	65
61	69
61	68
61	66
61	62
61	71
61	72
61	76
61	77
61	79
67	20
67	23
67	25
67	28
67	29
67	34
67	60
67	65
67	66
67	68
67	69
70	20
70	23
70	25
70	29
70	30
70	33
70	34
70	37
70	38
70	39
70	62
70	64
70	66
70	69
70	74
70	73
70	75
71	20
71	23
71	27
71	29
71	31
71	33
71	35
71	38
71	39
71	61
71	62
71	64
71	74
71	76
71	73
71	75
76	20
76	24
76	29
76	30
76	31
76	33
76	35
76	36
76	37
76	38
76	39
76	61
76	62
76	64
76	69
76	71
76	72
76	73
76	74
76	75
76	77
76	79
77	20
77	23
77	24
77	31
77	35
77	36
77	38
77	61
77	64
77	65
77	73
77	74
77	76
78	20
78	22
78	23
78	28
78	29
78	37
78	38
78	60
78	64
78	66
78	69
79	20
79	23
79	24
79	25
79	29
79	30
79	33
79	36
79	38
79	61
79	66
79	69
79	76
21	60
21	27
21	68
21	26
21	22
21	25
21	63
21	69
21	45
26	21
26	22
26	24
26	25
26	27
26	60
26	63
26	69
26	68
26	62
26	66
26	64
22	21
22	60
22	68
22	66
22	69
22	27
22	29
22	25
22	26
22	65
22	23
22	63
22	64
22	78
63	21
63	22
63	24
63	25
63	26
63	27
63	28
63	60
63	62
63	68
63	69
63	66
63	65
63	64
64	22
64	24
64	25
64	26
64	27
64	32
64	35
64	38
64	39
64	60
64	62
64	63
64	69
64	68
64	70
64	71
64	72
64	73
64	74
64	75
64	76
64	77
64	78
72	23
72	25
72	29
72	30
72	31
72	32
72	33
72	36
72	37
72	38
72	61
72	62
72	64
72	66
72	76
72	75
74	23
74	30
74	31
74	33
74	35
74	37
74	38
74	39
74	62
74	64
74	70
74	71
74	73
74	76
74	75
74	77
24	26
24	64
24	25
24	63
24	62
24	27
24	60
24	69
24	68
24	65
24	76
24	77
24	79
73	29
73	30
73	33
73	38
73	39
73	62
73	64
73	66
73	70
73	71
73	74
73	76
73	77
73	75
30	34
30	72
30	74
30	38
30	73
30	79
30	37
30	76
30	70
30	36
34	30
34	38
34	70
34	66
34	67
34	65
34	62
34	68
34	36
34	37
34	39
38	30
38	31
38	32
38	33
38	34
38	35
38	36
38	37
38	66
38	65
38	60
38	64
38	68
38	39
38	70
38	71
38	72
38	73
38	74
38	75
38	76
38	77
38	78
38	79
37	30
37	31
37	34
37	38
37	76
37	74
37	70
37	78
37	72
37	61
36	30
36	31
36	32
36	34
36	35
36	76
36	72
36	77
36	79
36	38
36	61
31	74
31	38
31	77
31	76
31	35
31	39
31	71
31	61
31	72
31	33
31	36
31	37
31	75
35	31
35	76
35	38
35	39
35	71
35	77
35	74
35	61
35	64
35	75
35	36
39	31
39	34
39	35
39	38
39	76
39	74
39	71
39	73
39	70
39	64
33	31
33	73
33	74
33	38
33	71
33	76
33	75
33	70
33	72
33	79
75	31
75	32
75	33
75	35
75	38
75	64
75	70
75	71
75	72
75	73
75	74
75	76
32	38
32	65
32	66
32	62
32	64
32	69
32	36
32	72
32	75