0.97884505431675240.98027444253859350.97913093196112070.97684391080617490.98198970840480270.9782732990280160.97913093196112070.97855917667238420.97884505431675240.982275586049171平均最大精度： 0.97941680960548890.980846197827330.96912521440823330.98170383076043450.97055460263007430.97913093196112070.96655231560891940.97970268724985710.9674099485420240.980846197827330.9831332189822756       (sigma = 0.1 的平均最大精度： 0.9759005145797598)0.97627215551743850.96655231560891940.96712407089765580.97684391080617490.98056032018296170.96655231560891940.98113207547169810.96540880503144650.96655231560891940.9685534591194969   (70% 训练集的平均最大精度： 0.9715551743853631)0.96798170383076040.96683819325328760.97798742138364780.98198970840480270.97055460263007430.96941109205260150.96969696969696970.9674099485420240.980846197827330.9771297884505432   (60% 训练集的平均最大精度： 0.9729845626072041)0.95340194396798170.95597484276729560.95368782161234990.95197255574614070.95283018867924530.95397369925671820.95568896512292730.95368782161234990.95311606632361350.952544311034877    (k==18 训练集的平均最大精度： 0.95368782161234990.9534019439679817
0.9576901086335049
0.9571183533447685
0.9531160663236135
0.955117209834191
0.9579759862778731
0.9536878216123499
0.8653516295025729
0.8813607775871927
0.8327615780445969
0.7392795883361921
0.868210405946255
0.8430531732418525
0.8564894225271584
0.8985134362492853
0.8644939965694682
0.8367638650657518
0.9150943396226415
0.9133790737564322
0.9019439679817038
0.8124642652944539
0.9179531160663236
0.9036592338479131
0.9090909090909091
0.9216695254431103
0.9202401372212693
0.9153802172670097
0.9219554030874786
0.9116638078902229
0.9096626643796455
0.9030874785591767
0.9113779302458548
0.9605488850771869
0.8659233847913094
0.9139508290451687
0.9205260148656375
0.9193825042881647
0.9219554030874786
0.9259576901086335
0.917095483133219
0.9122355631789594
0.9245283018867925
0.8113207547169812
0.9205260148656375
0.8313321898227558
0.9128073184676958
0.9242424242424242
0.8947970268724986
0.9188107489994283
0.9136649514008005
0.8624928530588908
0.922527158376215
0.9259576901086335
0.9739851343624929
0.9205260148656375
0.983704974271012
0.9339622641509434
0.9351057747284163
0.9256718124642653
0.9651229273870783
0.933390508862207
0.8979416809605489
0.9116638078902229
0.9291023441966838
0.934819897084048
0.9777015437392796
0.9797026872498571
0.9036592338479131
0.9765580331618068
0.9376786735277302
0.9834190966266438
0.968839336763865
0.9654088050314465
0.9759862778730704
0.9230989136649514
